( 0.5,   1.5,  -0.5 ) X
( 0.5,   1.5,  -0.17)
( 0.5,   1.5,   0.17)
( 0.5,   1.5,   0.5 ) X
( 0.5,   1.83, -0.5 )
( 0.5,   1.83,  0.5 )
( 0.5,   2.17, -0.5 )
( 0.5,   2.17,  0.5 )
( 0.5,   2.5,  -0.5 ) X
( 0.5,   2.5,  -0.17)
( 0.5,   2.5,   0.17)
( 0.5,   2.5,   0.5 ) X
( 0.83,  1.5,  -0.5 )
( 0.83,  1.5,   0.5 )
( 0.83,  2.5,  -0.5 )
( 0.83,  2.5,   0.5 )
( 1.17,  1.5,  -0.5 )
( 1.17,  1.5,   0.5 )
( 1.17,  2.5,  -0.5 )
( 1.17,  2.5,   0.5 )
( 1.5,   1.5,  -0.5 ) X
( 1.5,   1.5,  -0.17)
( 1.5,   1.5,   0.17)
( 1.5,   1.5,   0.5 ) X
( 1.5,   1.83, -0.5 )
( 1.5,   1.83,  0.5 )
( 1.5,   2.17, -0.5 )
( 1.5,   2.17,  0.5 )
( 1.5,   2.5,  -0.5 ) X
( 1.5,   2.5,  -0.17)
( 1.5,   2.5,   0.17)
( 1.5,   2.5,   0.5 ) X

0, 3, 8, 11, 20, 24, 28, 31